1
root
512
0
0
-1
-1
-1
5
-1
-1
-1
-1
-1
-1
-1
3
even_nos.xsm
182
0
-1
-1
-1
-1
69
-1
-1
-1
-1
-1
-1
-1
3
prime100.xsm
294
0
-1
-1
-1
-1
70
-1
-1
-1
-1
-1
-1
-1
3
odd_nos.xsm
182
0
-1
-1
-1
-1
71
-1
-1
-1
-1
-1
-1
-1
3
divide0.xsm
202
0
-1
-1
-1
-1
72
-1
-1
-1
-1
-1
-1
-1
3
utype1.xsm
404
0
-1
-1
-1
-1
73
-1
-1
-1
-1
-1
-1
-1
3
ll.xsm
770
0
-1
-1
-1
-1
74
75
-1
-1
-1
-1
-1
-1
3
pid.xsm
126
0
-1
-1
-1
-1
76
-1
-1
-1
-1
-1
-1
-1
3
3_Fork.xsm
180
0
-1
-1
-1
-1
77
-1
-1
-1
-1
-1
-1
-1
3
3Pros.xsm
1074
0
-1
-1
-1
-1
78
79
80
-1
-1
-1
-1
-1
3
parent.xsm
352
0
-1
-1
-1
-1
81
-1
-1
-1
-1
-1
-1
-1
3
child.xsm
328
0
-1
-1
-1
-1
82
-1
-1
-1
-1
-1
-1
-1
3
msortCon.xsm
1930
0
-1
-1
-1
-1
83
84
85
86
-1
-1
-1
-1
3
msortSeq.xsm
1150
0
-1
-1
-1
-1
87
88
89
-1
-1
-1
-1
-1
3
callfork.xsm
358
0
-1
-1
-1
-1
90
-1
-1
-1
-1
-1
-1
-1
3
cfile.xsm
202
0
-1
-1
-1
-1
91
-1
-1
-1
-1
-1
-1
-1
3
dfile.xsm
146
0
-1
-1
-1
-1
92
-1
-1
-1
-1
-1
-1
-1
3
rfile.xsm
336
0
-1
-1
-1
-1
93
-1
-1
-1
-1
-1
-1
-1
2
numbers.dat
2047
1
1
-1
-1
-1
94
95
96
97
-1
-1
-1
-1
3
cat.xsm
278
0
-1
-1
-1
-1
98
-1
-1
-1
-1
-1
-1
-1
3
forkread.xsm
514
0
-1
-1
-1
-1
99
100
-1
-1
-1
-1
-1
-1
3
ls.xsm
408
0
-1
-1
-1
-1
101
-1
-1
-1
-1
-1
-1
-1
3
rm.xsm
142
0
-1
-1
-1
-1
102
-1
-1
-1
-1
-1
-1
-1
2
sample.dat
18
1
1
-1
-1
-1
103
-1
-1
-1
-1
-1
-1
-1
3
s25a2.xsm
522
0
-1
-1
-1
-1
104
105
-1
-1
-1
-1
-1
-1
2
num_rev
1614
1
1
-1
-1
-1
106
107
108
111
-1
-1
-1
-1
3
s25a1.xsm
566
0
-1
-1
-1
-1
109
110
-1
-1
-1
-1
-1
-1
3
s25a3.xsm
1254
0
-1
-1
-1
-1
112
113
123
-1
-1
-1
-1
-1
2
pcread
100
1
1
-1
-1
-1
114
-1
-1
-1
-1
-1
-1
-1
3
s25a4.xsm
2046
0
-1
-1
-1
-1
115
116
117
118
-1
-1
-1
-1
2
merge.dat
2048
1
1
-1
-1
-1
119
120
121
122
-1
-1
-1
-1
2
temp1
100
1
1
-1
-1
-1
124
-1
-1
-1
-1
-1
-1
-1
2
q
100
1
1
-1
-1
-1
125
-1
-1
-1
-1
-1
-1
-1
3
cp.xsm
490
0
-1
-1
-1
-1
126
-1
-1
-1
-1
-1
-1
-1
2
g.dat
18
1
1
-1
-1
-1
127
-1
-1
-1
-1
-1
-1
-1
3
lu.xsm
208
0
-1
-1
-1
-1
128
-1
-1
-1
-1
-1
-1
-1
2
jj
1614
1
1
-1
-1
-1
132
133
134
135
-1
-1
-1
-1
2
pcread2
100
1
1
-1
-1
-1
136
-1
-1
-1
-1
-1
-1
-1
2
gdata
0
2
1
-1
-1
-1
-1
-1
-1
-1
-1
-1
-1
-1
2
jjj
0
2
1
-1
-1
-1
-1
-1
-1
-1
-1
-1
-1
-1
3
ru.xsm
660
0
-1
-1
-1
-1
129
130
-1
-1
-1
-1
-1
-1
3
4_fork.xsm
212
0
-1
-1
-1
-1
137
-1
-1
-1
-1
-1
-1
-1
2
pcread3
100
1
1
-1
-1
-1
138
-1
-1
-1
-1
-1
-1
-1
2
redas
0
2
0
-1
-1
-1
-1
-1
-1
-1
-1
-1
-1
-1
2
-1
512
1
temp1.dat
-1
-1
-1
139
-1
-1
-1
-1
-1
-1
-1
2
-1
1024
1
1
-1
-1
-1
141
143
-1
-1
-1
-1
-1
-1
2
-1
1024
1
1
-1
-1
-1
142
144
-1
-1
-1
-1
-1
-1
-1
-1
0
-1
-1
-1
-1
-1
-1
-1
-1
-1
-1
-1
-1
-1
-1
-1
0
-1
-1
-1
-1
-1
-1
-1
-1
-1
-1
-1
-1
-1
-1
-1
0
-1
-1
-1
-1
-1
-1
-1
-1
-1
-1
-1
-1
-1
-1
-1
0
-1
-1
-1
-1
-1
-1
-1
-1
-1
-1
-1
-1
-1
-1
-1
0
-1
-1
-1
-1
-1
-1
-1
-1
-1
-1
-1
-1
-1
-1
-1
0
-1
-1
-1
-1
-1
-1
-1
-1
-1
-1
-1
-1
-1
-1
-1
0
-1
-1
-1
-1
-1
-1
-1
-1
-1
-1
-1
-1
-1
-1
-1
0
-1
-1
-1
-1
-1
-1
-1
-1
-1
-1
-1
-1
-1
-1
-1
0
-1
-1
-1
-1
-1
-1
-1
-1
-1
-1
-1
-1
-1
-1
-1
0
-1
-1
-1
-1
-1
-1
-1
-1
-1
-1
-1
-1
-1
-1
-1
0
-1
-1
-1
-1
-1
-1
-1
-1
-1
-1
-1
-1
-1
-1
-1
0
-1
-1
-1
-1
-1
-1
-1
-1
-1
-1
-1
-1
-1
-1
-1
0
-1
-1
-1
-1
-1
-1
-1
-1
-1
-1
-1
-1
-1
kernel
-1
root
452
gokul
546
-1
-1
-1
-1
-1
-1
-1
-1
-1
-1
-1
-1
-1
-1
-1
-1
-1
-1
-1
-1
-1
-1
-1
-1
-1
-1
-1
-1
-1
-1
-1
-1
-1
-1
-1
-1
-1
-1
-1
-1
-1
-1
-1
-1
-1
-1
-1
-1
-1
-1
-1
-1
-1
-1
-1
-1
-1
-1
